   Run        n0        n1    LT[0]    LT[1]     Q[0]     Q[1]       df       Pt       Pb        A dA(stat) dA(syst)        x       Q2        W        E       th      phi        tot_Syst  tot_SystRelUnc         Pt_Syst   Pt_SystRelUnc         Pb_Syst   Pb_SystRelUnc         df_Syst   df_SystRelUnc         AQ_Syst   AQ_SystRelUnc        ALT_Syst  ALT_SystRelUnc          C_bg-W    C_bg-WRelUnc          R_bg-W    R_bg-WRelUnc     A_bg_pair-W A_bg_pair-WRelUnc          f_el-W    f_el-WRelUnc          C_el-W    C_el-WRelUnc 
 72984      2827      2918   0.9258   0.9253     5.87    5.873   0.1897   0.6551   0.6662    1.021   0.3373   0.1331   0.7649    3.966    1.446    1.974   0.6676  0.09795          -13.53          0.1299         -0.5675         0.07049          0.6554         0.01526          0.1988          0.1006       -0.000335         0.01754       0.0009209         0.03507           1.005       3.298e-05        0.002404       2.306e-05          -0.022       3.298e-05          0.9394        0.009414         0.04038        0.001113 
 72984      4024      4079   0.9258   0.9253     5.87    5.873   0.2297   0.6551   0.6662   0.9913    0.223   0.0912   0.7323    3.884    1.514    1.911   0.6714  0.09855          -11.36          0.1366         -0.5675         0.07049          0.6554         0.01526          0.2368         0.08448       -0.000335         0.03552       0.0009209         0.07105           1.006       3.989e-05        0.003037       2.927e-05          -0.022       3.989e-05          0.9629        0.009636         0.02381       0.0005961 
 72984      5586      5852   0.9258   0.9253     5.87    5.873   0.1889   0.6551   0.6662   0.8774   0.2167   0.1237   0.6988     3.75    1.577    1.879   0.6655   0.1143          -13.76          0.1292         -0.5675         0.07049          0.6554         0.01526          0.1954          0.1024       -0.000335         0.01424       0.0009209         0.02848           1.008       4.772e-05        0.003891       3.777e-05          -0.022       4.772e-05          0.9633         0.00964          0.0232       0.0004871 
 72984      7507      7907   0.9258   0.9253     5.87    5.873   0.1953   0.6551   0.6662   0.6572    0.173  0.07796   0.6703    3.671    1.636     1.82    0.669   0.1135          -13.34          0.1292         -0.5675         0.07049          0.6554         0.01526          0.2016         0.09919       -0.000335         0.01815       0.0009209          0.0363            1.01        6.95e-05        0.004987       4.789e-05          -0.022        6.95e-05          0.9644        0.009651         0.02223       0.0006269 
 72984     10009     10438   0.9258   0.9253     5.87    5.873   0.2227   0.6551   0.6662   0.4697   0.1264  0.05751    0.641    3.563    1.692    1.777    0.667   0.1241           -11.7           5.726         -0.5675         0.07049          0.6554         0.01526          0.2298         0.08704       -0.000335            2.56       0.0009209           5.121           1.013       0.0001011        0.006275       5.954e-05          -0.022       0.0001011          0.9707        0.009711         0.01799       0.0006515 
 72984     13162     13718   0.9258   0.9253     5.87    5.873      0.2   0.6551   0.6662   0.8023   0.1239  0.07341   0.6139    3.465    1.745    1.732   0.6664   0.1321             -13          0.1296         -0.5675         0.07049          0.6554         0.01526          0.2068         0.09671       -0.000335         0.02122       0.0009209         0.04243           1.016       9.907e-05        0.007784       7.562e-05          -0.022       9.907e-05          0.9721        0.009725         0.01684       0.0003838 
 72984     17229     17909   0.9258   0.9253     5.87    5.873   0.1889   0.6551   0.6662   0.7629   0.1116  0.06469   0.5885    3.374    1.796    1.685   0.6666   0.1311          -13.77          0.1314         -0.5675         0.07049          0.6554         0.01526          0.1953          0.1024       -0.000335         0.01775       0.0009209          0.0355           1.021       0.0001371        0.009895       9.559e-05          -0.022       0.0001371          0.9695          0.0097         0.01826       0.0005002 
 72984     22562     23248   0.9258   0.9253     5.87    5.873   0.1868   0.6551   0.6662   0.6909  0.09881  0.06448   0.5634     3.28    1.846    1.638   0.6666   0.1374          -13.95           0.147         -0.5675         0.07049          0.6554         0.01526          0.1928          0.1038       -0.000335         0.03358       0.0009209         0.06715           1.026       0.0001861         0.01229        0.000118          -0.022       0.0001861          0.9684        0.009689         0.01869       0.0005995 
 72984     29335     29836   0.9258   0.9253     5.87    5.873   0.1856   0.6551   0.6662   0.7297   0.0864  0.06503   0.5395    3.191    1.895    1.588   0.6676   0.1423          -14.05          0.1771         -0.5675         0.07049          0.6554         0.01526          0.1913          0.1045       -0.000335         0.05522       0.0009209          0.1104           1.032       0.0002178         0.01526       0.0001478          -0.022       0.0002178          0.9674         0.00968         0.01904       0.0005425 
 72984     36603     38193   0.9258   0.9253     5.87    5.873   0.1833   0.6551   0.6662   0.9007  0.07719  0.07199   0.5149    3.083    1.942    1.549   0.6642   0.1464          -14.24          0.1396         -0.5675         0.07049          0.6554         0.01526          0.1888          0.1059       -0.000335          0.0248       0.0009209          0.0496            1.04       0.0002377         0.01878       0.0001848          -0.022       0.0002377          0.9659        0.009665         0.01966       0.0004217 
 72984     44327     45888   0.9258   0.9253     5.87    5.873   0.1804   0.6551   0.6662   0.7756  0.07126   0.0652   0.4896     2.96    1.988    1.518   0.6567   0.1554          -14.48          0.3262         -0.5675         0.07049          0.6554         0.01526          0.1857          0.1077       -0.000335          0.1339       0.0009209          0.2677           1.048       0.0003041         0.02242         0.00022          -0.022       0.0003041          0.9639        0.009646         0.02047       0.0005115 
 72984     49772     51868   0.9258   0.9253     5.87    5.873   0.1771   0.6551   0.6662   0.7261  0.06766  0.06643   0.4636    2.825    2.034    1.493   0.6462   0.1623          -14.75          0.1469         -0.5675         0.07049          0.6554         0.01526          0.1824          0.1097       -0.000335         0.02947       0.0009209         0.05893           1.054       0.0003414         0.02546       0.0002509          -0.022       0.0003414          0.9616        0.009624         0.02125       0.0005118 
 72984     53257     55265   0.9258   0.9253     5.87    5.873    0.174   0.6551   0.6662   0.7142  0.06572  0.06934   0.4385    2.693    2.078    1.466    0.636   0.1723          -15.02          0.1472         -0.5675         0.07049          0.6554         0.01526          0.1791          0.1117       -0.000335         0.02824       0.0009209         0.05647           1.061       0.0003868         0.02854       0.0002819          -0.022       0.0003868          0.9589        0.009597         0.02215       0.0005402 
 72984     53131     54983   0.9258   0.9253     5.87    5.873    0.171   0.6551   0.6662    0.673  0.06674  0.06495   0.4131    2.553    2.121    1.445    0.623   0.1855          -15.29          0.1492         -0.5675         0.07049          0.6554         0.01526          0.1759          0.1137       -0.000335         0.02876       0.0009209         0.05753           1.068       0.0004373         0.03141       0.0003104          -0.022       0.0004373          0.9556        0.009566         0.02319       0.0005931 
 72984     47651     48809   0.9258   0.9253     5.87    5.873   0.1682   0.6551   0.6662   0.5755  0.07156  0.06128   0.3857    2.391    2.163    1.434    0.604   0.2106          -15.56          0.1622         -0.5675         0.07049          0.6554         0.01526          0.1728          0.1158       -0.000335         0.03928       0.0009209         0.07855           1.073       0.0005107         0.03347       0.0003287          -0.022       0.0005107          0.9522        0.009534         0.02397       0.0007257 
 72984     40384     41285   0.9258   0.9253     5.87    5.873   0.1654   0.6551   0.6662   0.5089  0.08017  0.06505   0.3589    2.232    2.205    1.422   0.5852   0.2416          -15.82          0.5432         -0.5675         0.07049          0.6554         0.01526          0.1699          0.1177       -0.000335           0.235       0.0009209          0.4699           1.079       0.0005876         0.03619       0.0003543          -0.022       0.0005876           0.948        0.009494         0.02509       0.0008363 
 72984     35587     36266   0.9258   0.9253     5.87    5.873   0.1631   0.6551   0.6662   0.5134  0.08677  0.06395    0.335    2.099    2.246    1.396    0.572   0.2564          -16.06          0.1555         -0.5675         0.07049          0.6554         0.01526          0.1674          0.1195       -0.000335         0.03072       0.0009209         0.06144           1.091       0.0006682         0.04147       0.0004086          -0.022       0.0006682          0.9425        0.009442         0.02693       0.0008716 
 72984     25984     26551   0.9258   0.9253     5.87    5.873   0.1609   0.6551   0.6662   0.5119   0.1026  0.06827   0.3129    1.979    2.285    1.365   0.5611   0.2633          -16.29          0.3736         -0.5675         0.07049          0.6554         0.01526           0.165          0.1212       -0.000335          0.1547       0.0009209          0.3095           1.105       0.0007712         0.04744       0.0004702          -0.022       0.0007712          0.9362        0.009384           0.029       0.0009337 
 72984     10563     10522   0.9258   0.9253     5.87    5.873   0.1591   0.6551   0.6662   0.2506   0.1607  0.07203   0.2919     1.86    2.322    1.338    0.549   0.2694          -16.49          0.1485         -0.5675         0.07049          0.6554         0.01526          0.1631          0.1226       -0.000335         0.01906       0.0009209         0.03812           1.128        0.001824         0.05307       0.0004805          -0.022        0.001824          0.9299        0.009325         0.03095        0.002505 
