   Run        n0        n1    LT[0]    LT[1]     Q[0]     Q[1]       df       Pt       Pb        A dA(stat) dA(syst)        x       Q2        W        E       th      phi        tot_Syst  tot_SystRelUnc         Pt_Syst   Pt_SystRelUnc         Pb_Syst   Pb_SystRelUnc         df_Syst   df_SystRelUnc         AQ_Syst   AQ_SystRelUnc        ALT_Syst  ALT_SystRelUnc          C_bg-W    C_bg-WRelUnc          R_bg-W    R_bg-WRelUnc     A_bg_pair-W A_bg_pair-WRelUnc          f_el-W    f_el-WRelUnc          C_el-W    C_el-WRelUnc 
 72984      2148      2247   0.9258   0.9253     5.87    5.873   0.1807   0.6551   0.6662   0.8302   0.3316   0.1229   0.4833    2.601    1.913    1.866   0.5497   0.2242          -14.43          0.1304         -0.5675         0.07049          0.6554         0.01526          0.1863          0.1073       -0.000335        0.007399       0.0009209          0.0148           1.011       8.002e-05        0.005321       5.076e-05          -0.022       8.002e-05          0.9714        0.009718          0.0141       0.0004573 
 72984      6049      6124   0.9258   0.9253     5.87    5.873   0.1787   0.6551   0.6662   0.6233   0.2112   0.1015   0.4642    2.561    1.958    1.794   0.5567   0.2286           -14.6          0.1375         -0.5675         0.07049          0.6554         0.01526          0.1842          0.1086       -0.000335         0.01956       0.0009209         0.03911           1.015       0.0001144        0.007264       6.914e-05          -0.022       0.0001144          0.9697        0.009701         0.01494       0.0005203 
 72984     10817     11082   0.9258   0.9253     5.87    5.873   0.1762   0.6551   0.6662    0.877   0.1584  0.08664   0.4458    2.522    2.003     1.72   0.5646    0.229          -14.81          0.9739         -0.5675         0.07049          0.6554         0.01526          0.1816          0.1101       -0.000335          0.4315       0.0009209           0.863           1.021       0.0001455        0.009996       9.614e-05          -0.022       0.0001455          0.9673        0.009678         0.01613       0.0004855 
 72984     16915     17516   0.9258   0.9253     5.87    5.873   0.1736   0.6551   0.6662   0.7685   0.1241  0.07938    0.428    2.481    2.048    1.646   0.5727   0.2311          -15.04          0.1452         -0.5675         0.07049          0.6554         0.01526          0.1788          0.1118       -0.000335         0.02595       0.0009209         0.05189           1.029       0.0001796         0.01372       0.0001337          -0.022       0.0001796          0.9642        0.009649         0.01764       0.0004209 
 72984     25706     26402   0.9258   0.9253     5.87    5.873   0.1714   0.6551   0.6662   0.6643  0.09904  0.07091    0.412    2.452    2.091    1.564   0.5847   0.2289          -15.24          0.1721         -0.5675         0.07049          0.6554         0.01526          0.1764          0.1134       -0.000335         0.04812       0.0009209         0.09624           1.041       0.0002622         0.01906       0.0001861          -0.022       0.0002622          0.9605        0.009613         0.01956       0.0005107 
 72984     42612     43790   0.9258   0.9253     5.87    5.873   0.1695   0.6551   0.6662    0.729  0.07596  0.06465   0.3986    2.444    2.136    1.469   0.6034    0.209          -15.43          0.1487         -0.5675         0.07049          0.6554         0.01526          0.1743          0.1148       -0.000335         0.02737       0.0009209         0.05474           1.061       0.0003966         0.02821       0.0002776          -0.022       0.0003966          0.9555        0.009565         0.02241       0.0005917 
 72984     48884     50492   0.9258   0.9253     5.87    5.873   0.1671   0.6551   0.6662    0.538  0.07192  0.06355   0.3774    2.346    2.178    1.424   0.5999   0.2213          -15.66          0.1595         -0.5675         0.07049          0.6554         0.01526          0.1717          0.1165       -0.000335         0.03653       0.0009209         0.07306           1.074       0.0005151         0.03421       0.0003366          -0.022       0.0005151          0.9508        0.009521          0.0243       0.0007167 
 72984     44405     44820   0.9258   0.9253     5.87    5.873   0.1643   0.6551   0.6662   0.5228   0.0806  0.06227   0.3504    2.197    2.225    1.394   0.5858   0.2486          -15.94          0.2399         -0.5675         0.07049          0.6554         0.01526          0.1686          0.1186       -0.000335         0.08748       0.0009209           0.175           1.085       0.0006594         0.03859        0.000377          -0.022       0.0006594          0.9454         0.00947         0.02594       0.0009296 
 72984     29156     29699   0.9258   0.9253     5.87    5.873   0.1619   0.6551   0.6662   0.4817    0.104  0.06983   0.3284    2.086    2.268    1.348   0.5801   0.2574          -16.19          0.1775         -0.5675         0.07049          0.6554         0.01526          0.1661          0.1204       -0.000335         0.04857       0.0009209         0.09714           1.103       0.0007767         0.04625       0.0004563          -0.022       0.0007767          0.9387        0.009407         0.02842       0.0009678 
