   Run        n0        n1    LT[0]    LT[1]     Q[0]     Q[1]       df       Pt       Pb        A dA(stat) dA(syst)        x       Q2        W        E       th      phi        tot_Syst  tot_SystRelUnc         Pt_Syst   Pt_SystRelUnc         Pb_Syst   Pb_SystRelUnc         df_Syst   df_SystRelUnc         AQ_Syst   AQ_SystRelUnc        ALT_Syst  ALT_SystRelUnc          C_bg-W    C_bg-WRelUnc          R_bg-W    R_bg-WRelUnc     A_bg_pair-W A_bg_pair-WRelUnc          f_el-W    f_el-WRelUnc          C_el-W    C_el-WRelUnc 
 72984      4022      4162   0.9258   0.9253     5.87    5.873   0.2138   0.6551   0.6662   0.5115   0.2488  0.09167   0.6014     3.11    1.714    1.979   0.5853   0.1955          -12.16          0.4297         -0.5675         0.07049          0.6554         0.01526          0.2211         0.09047       -0.000335          0.1851       0.0009209          0.3701           1.006       4.404e-05        0.002926       2.784e-05          -0.022       4.404e-05          0.9756        0.009759         0.01336       0.0004375 
 72984      6446      6620   0.9258   0.9253     5.87    5.873   0.1915   0.6551   0.6662   0.3617   0.2128  0.09198     0.58    3.098    1.766    1.889   0.5986    0.181          -13.59          0.1412         -0.5675         0.07049          0.6554         0.01526          0.1979          0.1011       -0.000335         0.03002       0.0009209         0.06004           1.009       6.292e-05        0.004217       4.022e-05          -0.022       6.292e-05          0.9732        0.009735         0.01476       0.0004737 
 72984     10324     10776   0.9258   0.9253     5.87    5.873   0.1859   0.6551   0.6662   0.9095   0.1615  0.07822   0.5623    3.117    1.817    1.782    0.619   0.1604          -14.01          0.1417         -0.5675         0.07049          0.6554         0.01526          0.1919          0.1042       -0.000335         0.02836       0.0009209         0.05672           1.013       8.972e-05        0.006296       6.043e-05          -0.022       8.972e-05          0.9712        0.009716         0.01602       0.0004694 
 72984     16566     16647   0.9258   0.9253     5.87    5.873   0.1852   0.6551   0.6662   0.5811   0.1264  0.06355   0.5445    3.116    1.866    1.687    0.637   0.1463          -14.08            0.28         -0.5675         0.07049          0.6554         0.01526           0.191          0.1047       -0.000335          0.1116       0.0009209          0.2231            1.02       0.0001532        0.009382        8.92e-05          -0.022       0.0001532          0.9698        0.009702         0.01697       0.0006217 
 72984     22792     23252   0.9258   0.9253     5.87    5.873   0.1845   0.6551   0.6662   0.9109   0.1021  0.07348   0.5277    3.111    1.913    1.594   0.6554   0.1358          -14.13          0.1771         -0.5675         0.07049          0.6554         0.01526          0.1903          0.1051       -0.000335         0.05495       0.0009209          0.1099           1.031       0.0001899         0.01454       0.0001419          -0.022       0.0001899          0.9676        0.009682         0.01847       0.0004364 
 72984     31392     33031   0.9258   0.9253     5.87    5.873   0.1827   0.6551   0.6662   0.8896  0.08332  0.07293   0.5108    3.101    1.961    1.501    0.675   0.1321          -14.29          0.2175         -0.5675         0.07049          0.6554         0.01526          0.1882          0.1063       -0.000335         0.07849       0.0009209           0.157           1.048       0.0002881         0.02291       0.0002265          -0.022       0.0002881          0.9643         0.00965         0.02077       0.0004303 
 72984     38613     39898   0.9258   0.9253     5.87    5.873   0.1799   0.6551   0.6662   0.6841  0.07303  0.06125   0.4895    3.028    2.008    1.439    0.681   0.1366          -14.51          0.8765         -0.5675         0.07049          0.6554         0.01526          0.1853           0.108       -0.000335          0.3877       0.0009209          0.7753           1.067       0.0004347          0.0312       0.0003083          -0.022       0.0004347          0.9609        0.009616         0.02279       0.0005842 
 72984     37394     39132   0.9258   0.9253     5.87    5.873   0.1767   0.6551   0.6662   0.8039  0.07636  0.07281   0.4645    2.912    2.058    1.392   0.6782   0.1295          -14.79          0.1371         -0.5675         0.07049          0.6554         0.01526          0.1818            0.11       -0.000335         0.01726       0.0009209         0.03451           1.083       0.0004975         0.03834       0.0003844          -0.022       0.0004975          0.9572        0.009582         0.02452       0.0005175 
 72984     26217     27433   0.9258   0.9253     5.87    5.873   0.1734   0.6551   0.6662   0.5837  0.09284  0.06744   0.4404    2.798    2.106    1.347   0.6755   0.1244          -15.08          0.2552         -0.5675         0.07049          0.6554         0.01526          0.1783          0.1122       -0.000335         0.09732       0.0009209          0.1946           1.103       0.0006898          0.0468       0.0004679          -0.022       0.0006898          0.9527        0.009539         0.02671       0.0007245 
